5
15
24
30
35
47
57
60
80
89
90
95
113
120
150
152
160
166
180
198
210
233
240
250
270
284
300
301
320
327
329
330
360
387
390
405
420
450
476
480
505
507
510
540
544
570
600
610
630
651
660
683
688
690
707
717
720
750
754
757
771
780
784
796
810
813
819
828
840
870
890
900
916
930
934
943
946
960
990
1018
1020
1028
1037
1037
1045
1050
1061
1080
1110
1122
1140
1142
1170
1178
1178
1200
1215
1230
1231
1242
1260
12
10
10
18
15
20
30
35
40
38
41
32
0
0
37
35
42
45
46
0
0
40
40
43
42
45
43
45
42.5
44
42
42
20
0
0
0
30
46
32
42
50
50
50
20
0
0
0
0
34
0
30
13
0
0
29
30
30
30
30
29
33
25
23
0
13
15
19
21
27
30
30
23
36
35
34
30
35
30
0
0
26
36
37
36
39
38
1
0
0
29
0
0
12
2
10
33
34
7
7
10
3
































































































































































































































































































































































































































































































































































































































































































































































































































































































































































































































































































































































































































































































































































































































































































































